Beam Size, Lenpen, WER
1, 0.1, 93.94856278366112
1, 0.2, 93.94856278366112
1, 0.3, 93.94856278366112
1, 0.4, 93.94856278366112
1, 0.5, 93.94856278366112
1, 0.6, 93.94856278366112
1, 0.7, 93.94856278366112
1, 0.8, 93.94856278366112
1, 0.9, 93.94856278366112
1, 1.0, 93.94856278366112
1, 1.1, 93.94856278366112
1, 1.2, 93.94856278366112
1, 1.3, 93.94856278366112
1, 1.4, 93.94856278366112
1, 1.5, 93.94856278366112
1, 1.6, 93.94856278366112
1, 1.7, 93.94856278366112
1, 1.8, 93.94856278366112
1, 1.9, 93.94856278366112
1, 2.0, 93.94856278366112
1, 2.1, 93.94856278366112
1, 2.2, 93.94856278366112
1, 2.3, 93.94856278366112
1, 2.4, 93.94856278366112
1, 2.5, 93.94856278366112
1, 2.6, 93.94856278366112
1, 2.7, 93.94856278366112
1, 2.8, 93.94856278366112
1, 2.9, 93.94856278366112
1, 3.0, 93.94856278366112
1, 3.1, 93.94856278366112
1, 3.2, 93.94856278366112
1, 3.3, 93.94856278366112
1, 3.4, 93.94856278366112
1, 3.5, 93.94856278366112
2, 0.1, 89.89409984871406
2, 0.2, 89.90418557740797
2, 0.3, 89.90418557740797
2, 0.4, 89.99495713565305
2, 0.5, 90.08572869389813
2, 0.6, 90.2168431669188
2, 0.7, 90.37821482602118
2, 0.8, 90.54967221381744
2, 0.9, 90.74130105900151
2, 1.0, 91.82047402924862
2, 1.1, 92.61724659606656
2, 1.2, 93.05093292990419
2, 1.3, 93.29299041855774
2, 1.4, 93.85779122541604
2, 1.5, 94.0998487140696
2, 1.6, 94.21079172970246
2, 1.7, 94.26122037317197
2, 1.8, 94.27130610186586
2, 1.9, 94.31164901664145
2, 2.0, 94.33182047402924
2, 2.1, 94.36207766011094
2, 2.2, 94.39233484619264
2, 2.3, 94.40242057488653
2, 2.4, 94.41250630358043
2, 2.5, 94.45284921835602
2, 2.6, 94.47302067574383
2, 2.7, 94.5738779626828
2, 2.8, 94.6142208774584
2, 2.9, 94.62430660615229
2, 3.0, 94.67473524962179
2, 3.1, 94.68482097831568
2, 3.2, 94.66464952092788
2, 3.3, 94.67473524962179
2, 3.4, 94.70499243570347
2, 3.5, 94.70499243570347
3, 0.1, 88.29046898638427
3, 0.2, 88.27029752899647
3, 0.3, 88.28038325769037
3, 0.4, 88.33081190115986
3, 0.5, 88.42158345940494
3, 0.6, 88.6434694906707
3, 0.7, 89.43015632879475
3, 0.8, 90.42864346949067
3, 0.9, 91.3061018658598
3, 1.0, 92.09278870398386
3, 1.1, 92.86938981341402
3, 1.2, 93.4846192637418
3, 1.3, 93.90821986888552
3, 1.4, 94.15027735753908
3, 1.5, 94.29147755925365
3, 1.6, 94.37216338880484
3, 1.7, 94.45284921835602
3, 1.8, 94.43267776096823
3, 1.9, 94.46293494704993
3, 2.0, 94.44276348966213
3, 2.1, 94.52344931921331
3, 2.2, 94.6041351487645
3, 2.3, 94.6142208774584
3, 2.4, 94.68482097831568
3, 2.5, 94.72516389309128
3, 2.6, 94.76550680786687
3, 2.7, 94.81593545133636
3, 2.8, 94.83610690872416
3, 2.9, 94.85627836611195
3, 3.0, 94.86636409480585
3, 3.1, 94.88653555219365
3, 3.2, 94.85627836611195
3, 3.3, 94.85627836611195
3, 3.4, 94.85627836611195
3, 3.5, 94.84619263741806
4, 0.1, 86.71709531013616
4, 0.2, 86.75743822491175
4, 0.3, 86.81795259707513
4, 0.4, 86.70700958144226
4, 0.5, 86.91880988401412
4, 0.6, 87.71558245083207
4, 0.7, 88.53252647503783
4, 0.8, 89.81341401916289
4, 0.9, 90.46898638426626
4, 1.0, 91.62884518406455
4, 1.1, 92.04236006051437
4, 1.2, 92.25416036308623
4, 1.3, 92.37518910741301
4, 1.4, 92.66767523953605
4, 1.5, 92.72818961169945
4, 1.6, 92.86938981341402
4, 1.7, 92.9803328290469
4, 1.8, 93.05093292990419
4, 1.9, 93.14170448814927
4, 2.0, 93.24256177508825
4, 2.1, 93.31316187594554
4, 2.2, 93.36359051941503
4, 2.3, 93.36359051941503
4, 2.4, 93.464447806354
4, 2.5, 93.47453353504791
4, 2.6, 93.4846192637418
4, 2.7, 93.5350479072113
4, 2.8, 93.5148764498235
4, 2.9, 93.5350479072113
4, 3.0, 93.54513363590519
4, 3.1, 93.57539082198689
4, 3.2, 93.56530509329299
4, 3.3, 93.56530509329299
4, 3.4, 93.54513363590519
4, 3.5, 93.63590519415028
5, 0.1, 86.58598083711549
5, 0.2, 86.62632375189108
5, 0.3, 86.60615229450327
5, 0.4, 86.72718103883005
5, 0.5, 86.95915279878972
5, 0.6, 87.68532526475038
5, 0.7, 88.26021180030257
5, 0.8, 88.54261220373172
5, 0.9, 89.56127080181543
5, 1.0, 90.12607160867373
5, 1.1, 90.62027231467474
5, 1.2, 90.98335854765507
5, 1.3, 91.15481593545134
5, 1.4, 91.41704488149269
5, 1.5, 91.69944528492184
5, 1.6, 91.83055975794251
5, 1.7, 92.08270297528996
5, 1.8, 92.25416036308623
5, 1.9, 92.4558749369642
5, 2.0, 92.58698940998487
5, 2.1, 92.74836106908724
5, 2.2, 92.80887544125063
5, 2.3, 92.85930408472012
5, 2.4, 93.0105900151286
5, 2.5, 92.9904185577408
5, 2.6, 93.0206757438225
5, 2.7, 93.04084720121028
5, 2.8, 93.16187594553706
5, 2.9, 93.19213313161876
5, 3.0, 93.21230458900655
5, 3.1, 93.24256177508825
5, 3.2, 93.27281896116995
5, 3.3, 93.29299041855774
5, 3.4, 93.29299041855774
5, 3.5, 93.30307614725164
6, 0.1, 83.8124054462935
6, 0.2, 83.83257690368129
6, 0.3, 83.88300554715079
6, 0.4, 83.98386283408976
6, 0.5, 84.17549167927383
6, 0.6, 84.48814926878467
6, 0.7, 84.8814926878467
6, 0.8, 85.31517902168432
6, 0.9, 85.9505799293999
6, 1.0, 86.62632375189108
6, 1.1, 87.0499243570348
6, 1.2, 87.78618255168936
6, 1.3, 88.01815431164901
6, 1.4, 88.49218356026223
6, 1.5, 88.90569843671206
6, 1.6, 88.94604135148765
6, 1.7, 89.1780131114473
6, 1.8, 89.208270297529
6, 1.9, 89.37972768532526
6, 2.0, 89.45032778618256
6, 2.1, 89.53101361573374
6, 2.2, 89.60161371659102
6, 2.3, 89.65204236006052
6, 2.4, 89.67221381744831
6, 2.5, 89.6822995461422
6, 2.6, 89.7528996469995
6, 2.7, 89.80332829046898
6, 2.8, 89.87392839132627
6, 2.9, 89.91427130610187
6, 3.0, 89.95461422087746
6, 3.1, 89.98487140695916
6, 3.2, 89.99495713565305
6, 3.3, 89.99495713565305
6, 3.4, 90.01512859304084
6, 3.5, 90.03530005042865
7, 0.1, 83.50983358547656
7, 0.2, 83.51991931417045
7, 0.3, 83.61069087241553
7, 0.4, 83.8124054462935
7, 0.5, 83.89309127584468
7, 0.6, 84.07463439233484
7, 0.7, 84.61926374180534
7, 0.8, 85.54715078164398
7, 0.9, 86.9793242561775
7, 1.0, 88.20978315683308
7, 1.1, 88.6535552193646
7, 1.2, 89.1981845688351
7, 1.3, 89.43015632879475
7, 1.4, 89.7226424609178
7, 1.5, 89.87392839132627
7, 1.6, 90.05547150781643
7, 1.7, 90.2874432677761
7, 1.8, 90.41855774079677
7, 1.9, 90.49924357034796
7, 2.0, 90.64044377206253
7, 2.1, 90.74130105900151
7, 2.2, 90.791729702471
7, 2.3, 90.91275844679778
7, 2.4, 90.95310136157337
7, 2.5, 90.97327281896116
7, 2.6, 91.03378719112456
7, 2.7, 91.11447302067575
7, 2.8, 91.22541603630863
7, 2.9, 91.23550176500252
7, 3.0, 91.28593040847201
7, 3.1, 91.3464447806354
7, 3.2, 91.3565305093293
7, 3.3, 91.3565305093293
7, 3.4, 91.44730206757438
7, 3.5, 91.49773071104387
8, 0.1, 83.32829046898638
8, 0.2, 83.35854765506808
8, 0.3, 83.43923348461927
8, 0.4, 83.68129097327282
8, 0.5, 83.7115481593545
8, 0.6, 84.08472012102874
8, 0.7, 85.32526475037821
8, 0.8, 86.09178013111448
8, 0.9, 87.60463943519919
8, 1.0, 88.93595562279374
8, 1.1, 89.87392839132627
8, 1.2, 90.19667170953102
8, 1.3, 90.60010085728693
8, 1.4, 91.12455874936964
8, 1.5, 91.3565305093293
8, 1.6, 91.55824508320727
8, 1.7, 91.95158850226929
8, 1.8, 92.10287443267777
8, 1.9, 92.28441754916793
8, 2.0, 92.32476046394352
8, 2.1, 92.48613212304589
8, 2.2, 92.63741805345437
8, 2.3, 92.65758951084216
8, 2.4, 92.72818961169945
8, 2.5, 92.74836106908724
8, 2.6, 92.85930408472012
8, 2.7, 92.89964699949572
8, 2.8, 92.9601613716591
8, 2.9, 92.970247100353
8, 3.0, 93.0105900151286
8, 3.1, 93.04084720121028
8, 3.2, 93.05093292990419
8, 3.3, 93.05093292990419
8, 3.4, 93.08119011598588
8, 3.5, 93.12153303076147
9, 0.1, 83.40897629853757
9, 0.2, 83.46949067070096
9, 0.3, 83.63086232980334
9, 0.4, 83.7821482602118
9, 0.5, 83.76197680282401
9, 0.6, 84.12506303580433
9, 0.7, 85.33535047907212
9, 0.8, 86.27332324760464
9, 0.9, 87.60463943519919
9, 1.0, 88.74432677760969
9, 1.1, 89.33938477054967
9, 1.2, 89.69238527483611
9, 1.3, 90.29752899646999
9, 1.4, 90.77155824508321
9, 1.5, 90.95310136157337
9, 1.6, 91.22541603630863
9, 1.7, 91.55824508320727
9, 1.8, 91.72970247100353
9, 1.9, 91.8709026727181
9, 2.0, 92.05244578920826
9, 2.1, 92.16338880484115
9, 2.2, 92.25416036308623
9, 2.3, 92.33484619263741
9, 2.4, 92.4256177508825
9, 2.5, 92.49621785173979
9, 2.6, 92.53656076651538
9, 2.7, 92.57690368129097
9, 2.8, 92.65758951084216
9, 2.9, 92.68784669692386
9, 3.0, 92.69793242561775
9, 3.1, 92.71810388300555
9, 3.2, 92.78870398386283
9, 3.3, 92.82904689863842
9, 3.4, 92.84921835602623
9, 3.5, 92.88956127080182
10, 0.1, 83.2072617246596
10, 0.2, 83.2375189107413
10, 0.3, 83.267776096823
10, 0.4, 83.2476046394352
10, 0.5, 83.33837619768028
10, 0.6, 83.83257690368129
10, 0.7, 84.72012102874433
10, 0.8, 86.32375189107412
10, 0.9, 87.32223903177004
10, 1.0, 88.57286938981342
10, 1.1, 89.39989914271307
10, 1.2, 89.79324256177509
10, 1.3, 90.2672718103883
10, 1.4, 90.8219868885527
10, 1.5, 91.24558749369642
10, 1.6, 91.57841654059506
10, 1.7, 91.83055975794251
10, 1.8, 91.9314170448815
10, 1.9, 92.11296016137166
10, 2.0, 92.25416036308623
10, 2.1, 92.29450327786182
10, 2.2, 92.33484619263741
10, 2.3, 92.4155320221886
10, 2.4, 92.4457892082703
10, 2.5, 92.54664649520927
10, 2.6, 92.60716086737267
10, 2.7, 92.61724659606656
10, 2.8, 92.71810388300555
10, 2.9, 92.73827534039334
10, 3.0, 92.80887544125063
10, 3.1, 92.83913262733232
10, 3.2, 92.87947554210791
10, 3.3, 92.87947554210791
10, 3.4, 92.9601613716591
10, 3.5, 93.0206757438225
11, 0.1, 83.64094805849723
11, 0.2, 83.65103378719112
11, 0.3, 83.66111951588502
11, 0.4, 83.68129097327282
11, 0.5, 83.7720625315179
11, 0.6, 84.3469490670701
11, 0.7, 85.14372163388805
11, 0.8, 86.37418053454363
11, 0.9, 87.86686838124055
11, 1.0, 89.06707009581443
11, 1.1, 89.80332829046898
11, 1.2, 90.12607160867373
11, 1.3, 90.63035804336863
11, 1.4, 91.09430156328794
11, 1.5, 91.47755925365608
11, 1.6, 91.79021684316692
11, 1.7, 92.00201714573878
11, 1.8, 92.18356026222895
11, 1.9, 92.28441754916793
11, 2.0, 92.4357034795764
11, 2.1, 92.52647503782148
11, 2.2, 92.56681795259708
11, 2.3, 92.59707513867878
11, 2.4, 92.63741805345437
11, 2.5, 92.69793242561775
11, 2.6, 92.73827534039334
11, 2.7, 92.75844679778113
11, 2.8, 92.85930408472012
11, 2.9, 92.9198184568835
11, 3.0, 92.970247100353
11, 3.1, 92.9803328290469
11, 3.2, 93.04084720121028
11, 3.3, 93.04084720121028
11, 3.4, 93.06101865859809
11, 3.5, 93.10136157337368
12, 0.1, 83.03580433686334
12, 0.2, 83.05597579425114
12, 0.3, 83.08623298033282
12, 0.4, 83.06606152294503
12, 0.5, 83.11649016641452
12, 0.6, 83.68129097327282
12, 0.7, 84.61926374180534
12, 0.8, 85.54715078164398
12, 0.9, 86.75743822491175
12, 1.0, 87.5844679778114
12, 1.1, 88.00806858295512
12, 1.2, 88.30055471507816
12, 1.3, 88.82501260716087
12, 1.4, 89.21835602622289
12, 1.5, 89.52092788703983
12, 1.6, 89.7327281896117
12, 1.7, 89.99495713565305
12, 1.8, 90.11598587997983
12, 1.9, 90.2874432677761
12, 2.0, 90.60010085728693
12, 2.1, 90.70095814422592
12, 2.2, 90.7614725163893
12, 2.3, 90.791729702471
12, 2.4, 90.8522440746344
12, 2.5, 90.89258698940999
12, 2.6, 90.92284417549168
12, 2.7, 90.93292990418557
12, 2.8, 91.11447302067575
12, 2.9, 91.17498739283913
12, 3.0, 91.23550176500252
12, 3.1, 91.25567322239031
12, 3.2, 91.26575895108422
12, 3.3, 91.26575895108422
12, 3.4, 91.28593040847201
12, 3.5, 91.3262733232476
13, 0.1, 82.7231467473525
13, 0.2, 82.7332324760464
13, 0.3, 82.75340393343419
13, 0.4, 82.80383257690369
13, 0.5, 82.91477559253656
13, 0.6, 83.267776096823
13, 0.7, 83.98386283408976
13, 0.8, 84.69994957135653
13, 0.9, 85.71860816944024
13, 1.0, 87.27181038830055
13, 1.1, 87.95763993948563
13, 1.2, 88.1593545133636
13, 1.3, 88.88552697932425
13, 1.4, 89.32929904185578
13, 1.5, 89.61169944528493
13, 1.6, 89.93444276348966
13, 1.7, 90.14624306606153
13, 1.8, 90.29752899646999
13, 1.9, 90.32778618255169
13, 2.0, 90.46898638426626
13, 2.1, 90.64044377206253
13, 2.2, 90.70095814422592
13, 2.3, 90.74130105900151
13, 2.4, 90.8119011598588
13, 2.5, 90.89258698940999
13, 2.6, 90.95310136157337
13, 2.7, 90.95310136157337
13, 2.8, 90.99344427634897
13, 2.9, 91.10438729198185
13, 3.0, 91.19515885022693
13, 3.1, 91.22541603630863
13, 3.2, 91.23550176500252
13, 3.3, 91.25567322239031
13, 3.4, 91.26575895108422
13, 3.5, 91.2960161371659
14, 0.1, 82.42057488653555
14, 0.2, 82.46091780131114
14, 0.3, 82.47100353000505
14, 0.4, 82.53151790216843
14, 0.5, 82.672718103883
14, 0.6, 82.83408976298537
14, 0.7, 83.42914775592537
14, 0.8, 84.16540595057992
14, 0.9, 85.28492183560262
14, 1.0, 86.92889561270802
14, 1.1, 87.75592536560767
14, 1.2, 87.90721129601614
14, 1.3, 88.49218356026223
14, 1.4, 88.81492687846696
14, 1.5, 89.1376701966717
14, 1.6, 89.39989914271307
14, 1.7, 89.62178517397882
14, 1.8, 89.80332829046898
14, 1.9, 89.82349974785679
14, 2.0, 89.87392839132627
14, 2.1, 89.93444276348966
14, 2.2, 90.01512859304084
14, 2.3, 90.10590015128594
14, 2.4, 90.19667170953102
14, 2.5, 90.2874432677761
14, 2.6, 90.29752899646999
14, 2.7, 90.32778618255169
14, 2.8, 90.39838628340898
14, 2.9, 90.48915784165406
14, 3.0, 90.52950075642966
14, 3.1, 90.55975794251134
14, 3.2, 90.55975794251134
14, 3.3, 90.55975794251134
14, 3.4, 90.59001512859304
14, 3.5, 90.63035804336863
15, 0.1, 82.00706001008572
15, 0.2, 82.02723146747353
15, 0.3, 82.06757438224912
15, 0.4, 82.1280887544125
15, 0.5, 82.23903177004539
15, 0.6, 82.44074634392335
15, 0.7, 83.35854765506808
15, 0.8, 84.19566313666162
15, 0.9, 84.96217851739789
15, 1.0, 86.45486636409481
15, 1.1, 87.26172465960666
15, 1.2, 87.38275340393344
15, 1.3, 87.85678265254664
15, 1.4, 88.14926878466969
15, 1.5, 88.47201210287443
15, 1.6, 88.78466969238528
15, 1.7, 88.95612708018155
15, 1.8, 89.09732728189611
15, 1.9, 89.1376701966717
15, 2.0, 89.1981845688351
15, 2.1, 89.27887039838629
15, 2.2, 89.36964195663137
15, 2.3, 89.40998487140696
15, 2.4, 89.48058497226424
15, 2.5, 89.52092788703983
15, 2.6, 89.56127080181543
15, 2.7, 89.57135653050933
15, 2.8, 89.64195663136661
15, 2.9, 89.7226424609178
15, 3.0, 89.76298537569339
15, 3.1, 89.83358547655068
15, 3.2, 89.85375693393847
15, 3.3, 89.85375693393847
15, 3.4, 89.86384266263238
15, 3.5, 89.89409984871406
16, 0.1, 82.00706001008572
16, 0.2, 82.04740292486132
16, 0.3, 82.03731719616742
16, 0.4, 82.07766011094301
16, 0.5, 82.11800302571861
16, 0.6, 82.24911749873928
16, 0.7, 83.2375189107413
16, 0.8, 84.3066061522945
16, 0.9, 85.06303580433686
16, 1.0, 86.43469490670701
16, 1.1, 87.17095310136158
16, 1.2, 87.32223903177004
16, 1.3, 87.80635400907715
16, 1.4, 88.17952597075138
16, 1.5, 88.52244074634392
16, 1.6, 88.6938981341402
16, 1.7, 88.91578416540595
16, 1.8, 88.99646999495714
16, 1.9, 89.03681290973273
16, 2.0, 89.05698436712052
16, 2.1, 89.21835602622289
16, 2.2, 89.30912758446797
16, 2.3, 89.35955622793747
16, 2.4, 89.45032778618256
16, 2.5, 89.51084215834594
16, 2.6, 89.52092788703983
16, 2.7, 89.53101361573374
16, 2.8, 89.57135653050933
16, 2.9, 89.66212808875441
16, 3.0, 89.6822995461422
16, 3.1, 89.7226424609178
16, 3.2, 89.7428139183056
16, 3.3, 89.7428139183056
16, 3.4, 89.7730711043873
16, 3.5, 89.80332829046898
17, 0.1, 81.63388804841149
17, 0.2, 81.6540595057993
17, 0.3, 81.66414523449319
17, 0.4, 81.74483106404438
17, 0.5, 81.73474533535048
17, 0.6, 81.80534543620777
17, 0.7, 82.91477559253656
17, 0.8, 83.96369137670197
17, 0.9, 84.95209278870398
17, 1.0, 86.15229450327786
17, 1.1, 86.76752395360565
17, 1.2, 87.0095814422592
17, 1.3, 87.30206757438225
17, 1.4, 87.75592536560767
17, 1.5, 88.00806858295512
17, 1.6, 88.24004034291478
17, 1.7, 88.39132627332324
17, 1.8, 88.47201210287443
17, 1.9, 88.48209783156832
17, 2.0, 88.53252647503783
17, 2.1, 88.62329803328291
17, 2.2, 88.77458396369137
17, 2.3, 88.87544125063036
17, 2.4, 88.95612708018155
17, 2.5, 89.02672718103884
17, 2.6, 89.05698436712052
17, 2.7, 89.06707009581443
17, 2.8, 89.09732728189611
17, 2.9, 89.1981845688351
17, 3.0, 89.21835602622289
17, 3.1, 89.25869894099849
17, 3.2, 89.27887039838629
17, 3.3, 89.29904185577408
17, 3.4, 89.30912758446797
17, 3.5, 89.34947049924357
18, 0.1, 81.684316691881
18, 0.2, 81.6137165910237
18, 0.3, 81.6137165910237
18, 0.4, 81.684316691881
18, 0.5, 81.71457387796268
18, 0.6, 81.79525970751386
18, 0.7, 82.82400403429148
18, 0.8, 83.79223398890569
18, 0.9, 84.67977811396874
18, 1.0, 85.81946545637922
18, 1.1, 86.42460917801311
18, 1.2, 86.77760968229954
18, 1.3, 87.24155320221887
18, 1.4, 87.523953605648
18, 1.5, 87.81643973777105
18, 1.6, 87.97781139687342
18, 1.7, 88.14926878466969
18, 1.8, 88.22995461422087
18, 1.9, 88.27029752899647
18, 2.0, 88.26021180030257
18, 2.1, 88.37115481593545
18, 2.2, 88.50226928895613
18, 2.3, 88.62329803328291
18, 2.4, 88.7039838628341
18, 2.5, 88.80484114977307
18, 2.6, 88.82501260716087
18, 2.7, 88.84518406454866
18, 2.8, 88.89561270801815
18, 2.9, 88.96621280887544
18, 3.0, 89.00655572365103
18, 3.1, 89.02672718103884
18, 3.2, 89.04689863842663
18, 3.3, 89.06707009581443
18, 3.4, 89.08724155320222
18, 3.5, 89.11749873928392
19, 0.1, 81.44225920322744
19, 0.2, 81.35148764498236
19, 0.3, 81.36157337367625
19, 0.4, 81.43217347453354
19, 0.5, 81.41200201714574
19, 0.6, 81.54311649016641
19, 0.7, 82.74331820474029
19, 0.8, 83.7720625315179
19, 0.9, 84.63943519919314
19, 1.0, 85.89006555723651
19, 1.1, 86.30358043368634
19, 1.2, 86.5052950075643
19, 1.3, 87.0398386283409
19, 1.4, 87.36258194654563
19, 1.5, 87.75592536560767
19, 1.6, 88.00806858295512
19, 1.7, 88.14926878466969
19, 1.8, 88.19969742813919
19, 1.9, 88.22995461422087
19, 2.0, 88.21986888552698
19, 2.1, 88.33081190115986
19, 2.2, 88.52244074634392
19, 2.3, 88.6535552193646
19, 2.4, 88.68381240544629
19, 2.5, 88.74432677760969
19, 2.6, 88.73424104891578
19, 2.7, 88.76449823499748
19, 2.8, 88.81492687846696
19, 2.9, 88.88552697932425
19, 3.0, 88.94604135148765
19, 3.1, 89.01664145234493
19, 3.2, 89.03681290973273
19, 3.3, 89.05698436712052
19, 3.4, 89.10741301059001
19, 3.5, 89.1376701966717
20, 0.1, 81.35148764498236
20, 0.2, 81.30105900151285
20, 0.3, 81.35148764498236
20, 0.4, 81.40191628845184
20, 0.5, 81.40191628845184
20, 0.6, 81.56328794755422
20, 0.7, 82.7231467473525
20, 0.8, 83.8023197175996
20, 0.9, 84.52849218356026
20, 1.0, 85.56732223903177
20, 1.1, 86.01109430156329
20, 1.2, 86.15229450327786
20, 1.3, 86.65658093797276
20, 1.4, 87.0196671709531
20, 1.5, 87.36258194654563
20, 1.6, 87.51386787695411
20, 1.7, 87.79626828038326
20, 1.8, 87.82652546646496
20, 1.9, 87.89712556732223
20, 2.0, 87.93746848209783
20, 2.1, 88.00806858295512
20, 2.2, 88.13918305597579
20, 2.3, 88.28038325769037
20, 2.4, 88.34089762985376
20, 2.5, 88.42158345940494
20, 2.6, 88.47201210287443
20, 2.7, 88.48209783156832
20, 2.8, 88.55269793242562
20, 2.9, 88.6333837619768
20, 3.0, 88.7039838628341
20, 3.1, 88.74432677760969
20, 3.2, 88.76449823499748
20, 3.3, 88.77458396369137
20, 3.4, 88.79475542107917
20, 3.5, 88.82501260716087
