Beam Size, Lenpen, WER
1, 0.1, 12.768532526475038
1, 0.2, 12.768532526475038
1, 0.3, 12.768532526475038
1, 0.4, 12.768532526475038
1, 0.5, 12.768532526475038
1, 0.6, 12.768532526475038
1, 0.7, 12.768532526475038
1, 0.8, 12.768532526475038
1, 0.9, 12.768532526475038
1, 1.0, 12.768532526475038
1, 1.1, 12.768532526475038
1, 1.2, 12.768532526475038
1, 1.3, 12.768532526475038
1, 1.4, 12.768532526475038
1, 1.5, 12.768532526475038
1, 1.6, 12.768532526475038
1, 1.7, 12.768532526475038
1, 1.8, 12.768532526475038
1, 1.9, 12.768532526475038
1, 2.0, 12.768532526475038
1, 2.1, 12.768532526475038
1, 2.2, 12.768532526475038
1, 2.3, 12.768532526475038
1, 2.4, 12.768532526475038
1, 2.5, 12.768532526475038
1, 2.6, 12.768532526475038
1, 2.7, 12.768532526475038
1, 2.8, 12.768532526475038
1, 2.9, 12.768532526475038
1, 3.0, 12.768532526475038
1, 3.1, 12.768532526475038
1, 3.2, 12.768532526475038
1, 3.3, 12.768532526475038
1, 3.4, 12.768532526475038
1, 3.5, 12.768532526475038
2, 0.1, 12.304589006555723
2, 0.2, 12.314674735249621
2, 0.3, 12.294503277861825
2, 0.4, 12.233988905698437
2, 0.5, 12.244074634392335
2, 0.6, 12.21381744831064
2, 0.7, 12.193645990922844
2, 0.8, 12.173474533535048
2, 0.9, 12.193645990922844
2, 1.0, 12.203731719616743
2, 1.1, 12.193645990922844
2, 1.2, 12.193645990922844
2, 1.3, 12.21381744831064
2, 1.4, 12.223903177004539
2, 1.5, 12.21381744831064
2, 1.6, 12.183560262228946
2, 1.7, 12.173474533535048
2, 1.8, 12.173474533535048
2, 1.9, 12.183560262228946
2, 2.0, 12.183560262228946
2, 2.1, 12.173474533535048
2, 2.2, 12.223903177004539
2, 2.3, 12.223903177004539
2, 2.4, 12.223903177004539
2, 2.5, 12.254160363086234
2, 2.6, 12.274331820474028
2, 2.7, 12.284417549167927
2, 2.8, 12.284417549167927
2, 2.9, 12.32476046394352
2, 3.0, 12.32476046394352
2, 3.1, 12.344931921331316
2, 3.2, 12.314674735249621
2, 3.3, 12.294503277861825
2, 3.4, 12.32476046394352
2, 3.5, 12.334846192637418
3, 0.1, 12.112960161371658
3, 0.2, 12.10287443267776
3, 0.3, 12.133131618759455
3, 0.4, 12.133131618759455
3, 0.5, 12.072617246596067
3, 0.6, 12.042360060514373
3, 0.7, 11.981845688350983
3, 0.8, 11.961674230963187
3, 0.9, 11.860816944024206
3, 1.0, 11.8910741301059
3, 1.1, 11.911245587493696
3, 1.2, 11.931417044881492
3, 1.3, 11.951588502269288
3, 1.4, 11.991931417044881
3, 1.5, 11.991931417044881
3, 1.6, 11.991931417044881
3, 1.7, 11.961674230963187
3, 1.8, 11.971759959657085
3, 1.9, 11.951588502269288
3, 2.0, 11.981845688350983
3, 2.1, 12.012102874432678
3, 2.2, 12.05244578920827
3, 2.3, 12.05244578920827
3, 2.4, 12.042360060514373
3, 2.5, 12.042360060514373
3, 2.6, 12.062531517902169
3, 2.7, 12.062531517902169
3, 2.8, 12.072617246596067
3, 2.9, 12.082702975289966
3, 3.0, 12.082702975289966
3, 3.1, 12.143217347453353
3, 3.2, 12.153303076147251
3, 3.3, 12.153303076147251
3, 3.4, 12.183560262228946
3, 3.5, 12.193645990922844
4, 0.1, 11.991931417044881
4, 0.2, 11.981845688350983
4, 0.3, 11.991931417044881
4, 0.4, 12.05244578920827
4, 0.5, 12.032274331820474
4, 0.6, 11.981845688350983
4, 0.7, 11.8910741301059
4, 0.8, 11.921331316187594
4, 0.9, 11.830559757942511
4, 1.0, 11.850731215330308
4, 1.1, 11.880988401412003
4, 1.2, 11.8910741301059
4, 1.3, 11.911245587493696
4, 1.4, 11.931417044881492
4, 1.5, 11.931417044881492
4, 1.6, 11.951588502269288
4, 1.7, 11.931417044881492
4, 1.8, 11.931417044881492
4, 1.9, 11.911245587493696
4, 2.0, 11.911245587493696
4, 2.1, 11.951588502269288
4, 2.2, 11.971759959657085
4, 2.3, 11.971759959657085
4, 2.4, 11.961674230963187
4, 2.5, 11.971759959657085
4, 2.6, 11.991931417044881
4, 2.7, 11.991931417044881
4, 2.8, 12.00201714573878
4, 2.9, 11.991931417044881
4, 3.0, 11.981845688350983
4, 3.1, 12.042360060514373
4, 3.2, 12.022188603126576
4, 3.3, 12.022188603126576
4, 3.4, 12.042360060514373
4, 3.5, 12.05244578920827
5, 0.1, 11.8910741301059
5, 0.2, 11.880988401412003
5, 0.3, 11.8910741301059
5, 0.4, 11.931417044881492
5, 0.5, 11.911245587493696
5, 0.6, 11.870902672718104
5, 0.7, 11.830559757942511
5, 0.8, 11.860816944024206
5, 0.9, 11.759959657085224
5, 1.0, 11.790216843166919
5, 1.1, 11.800302571860817
5, 1.2, 11.810388300554715
5, 1.3, 11.84064548663641
5, 1.4, 11.84064548663641
5, 1.5, 11.870902672718104
5, 1.6, 11.860816944024206
5, 1.7, 12.10287443267776
5, 1.8, 12.112960161371658
5, 1.9, 12.153303076147251
5, 2.0, 12.143217347453353
5, 2.1, 12.143217347453353
5, 2.2, 12.153303076147251
5, 2.3, 12.173474533535048
5, 2.4, 12.16338880484115
5, 2.5, 12.173474533535048
5, 2.6, 12.173474533535048
5, 2.7, 12.173474533535048
5, 2.8, 12.21381744831064
5, 2.9, 12.233988905698437
5, 3.0, 12.274331820474028
5, 3.1, 12.274331820474028
5, 3.2, 12.223903177004539
5, 3.3, 12.233988905698437
5, 3.4, 12.244074634392335
5, 3.5, 12.254160363086234
6, 0.1, 11.810388300554715
6, 0.2, 11.770045385779122
6, 0.3, 11.739788199697427
6, 0.4, 11.739788199697427
6, 0.5, 11.790216843166919
6, 0.6, 11.749873928391326
6, 0.7, 11.820474029248613
6, 0.8, 11.820474029248613
6, 0.9, 11.870902672718104
6, 1.0, 11.870902672718104
6, 1.1, 11.870902672718104
6, 1.2, 11.931417044881492
6, 1.3, 11.94150277357539
6, 1.4, 11.991931417044881
6, 1.5, 12.022188603126576
6, 1.6, 12.072617246596067
6, 1.7, 12.112960161371658
6, 1.8, 12.133131618759455
6, 1.9, 12.173474533535048
6, 2.0, 12.16338880484115
6, 2.1, 12.153303076147251
6, 2.2, 12.16338880484115
6, 2.3, 12.183560262228946
6, 2.4, 12.193645990922844
6, 2.5, 12.203731719616743
6, 2.6, 12.203731719616743
6, 2.7, 12.203731719616743
6, 2.8, 12.274331820474028
6, 2.9, 12.294503277861825
6, 3.0, 12.334846192637418
6, 3.1, 12.334846192637418
6, 3.2, 12.32476046394352
6, 3.3, 12.334846192637418
6, 3.4, 12.334846192637418
6, 3.5, 12.355017650025214
7, 0.1, 11.790216843166919
7, 0.2, 11.719616742309633
7, 0.3, 11.689359556227938
7, 0.4, 11.689359556227938
7, 0.5, 11.739788199697427
7, 0.6, 11.67927382753404
7, 0.7, 11.749873928391326
7, 0.8, 11.800302571860817
7, 0.9, 11.880988401412003
7, 1.0, 11.880988401412003
7, 1.1, 11.870902672718104
7, 1.2, 11.931417044881492
7, 1.3, 11.971759959657085
7, 1.4, 12.022188603126576
7, 1.5, 12.05244578920827
7, 1.6, 12.082702975289966
7, 1.7, 12.133131618759455
7, 1.8, 12.143217347453353
7, 1.9, 12.183560262228946
7, 2.0, 12.173474533535048
7, 2.1, 12.16338880484115
7, 2.2, 12.173474533535048
7, 2.3, 12.193645990922844
7, 2.4, 12.203731719616743
7, 2.5, 12.21381744831064
7, 2.6, 12.21381744831064
7, 2.7, 12.21381744831064
7, 2.8, 12.254160363086234
7, 2.9, 12.274331820474028
7, 3.0, 12.314674735249621
7, 3.1, 12.304589006555723
7, 3.2, 12.264246091780132
7, 3.3, 12.274331820474028
7, 3.4, 12.274331820474028
7, 3.5, 12.294503277861825
8, 0.1, 11.810388300554715
8, 0.2, 11.739788199697427
8, 0.3, 11.709531013615734
8, 0.4, 11.709531013615734
8, 0.5, 11.759959657085224
8, 0.6, 11.719616742309633
8, 0.7, 11.790216843166919
8, 0.8, 11.84064548663641
8, 0.9, 11.921331316187594
8, 1.0, 11.921331316187594
8, 1.1, 11.921331316187594
8, 1.2, 12.00201714573878
8, 1.3, 12.042360060514373
8, 1.4, 12.082702975289966
8, 1.5, 12.112960161371658
8, 1.6, 12.143217347453353
8, 1.7, 12.173474533535048
8, 1.8, 12.193645990922844
8, 1.9, 12.21381744831064
8, 2.0, 12.21381744831064
8, 2.1, 12.193645990922844
8, 2.2, 12.082702975289966
8, 2.3, 12.10287443267776
8, 2.4, 12.092788703983862
8, 2.5, 12.042360060514373
8, 2.6, 12.042360060514373
8, 2.7, 12.05244578920827
8, 2.8, 12.042360060514373
8, 2.9, 12.042360060514373
8, 3.0, 12.05244578920827
8, 3.1, 12.042360060514373
8, 3.2, 12.062531517902169
8, 3.3, 12.032274331820474
8, 3.4, 12.032274331820474
8, 3.5, 12.05244578920827
9, 0.1, 12.123045890065557
9, 0.2, 12.133131618759455
9, 0.3, 12.082702975289966
9, 0.4, 12.092788703983862
9, 0.5, 12.082702975289966
9, 0.6, 12.082702975289966
9, 0.7, 12.082702975289966
9, 0.8, 12.062531517902169
9, 0.9, 12.082702975289966
9, 1.0, 12.10287443267776
9, 1.1, 12.092788703983862
9, 1.2, 12.092788703983862
9, 1.3, 12.05244578920827
9, 1.4, 12.022188603126576
9, 1.5, 12.042360060514373
9, 1.6, 12.072617246596067
9, 1.7, 12.072617246596067
9, 1.8, 12.092788703983862
9, 1.9, 12.10287443267776
9, 2.0, 12.143217347453353
9, 2.1, 12.133131618759455
9, 2.2, 12.143217347453353
9, 2.3, 12.16338880484115
9, 2.4, 12.153303076147251
9, 2.5, 12.10287443267776
9, 2.6, 12.10287443267776
9, 2.7, 12.112960161371658
9, 2.8, 12.10287443267776
9, 2.9, 12.10287443267776
9, 3.0, 12.112960161371658
9, 3.1, 12.112960161371658
9, 3.2, 12.133131618759455
9, 3.3, 12.10287443267776
9, 3.4, 12.10287443267776
9, 3.5, 12.123045890065557
10, 0.1, 12.123045890065557
10, 0.2, 12.133131618759455
10, 0.3, 12.082702975289966
10, 0.4, 12.092788703983862
10, 0.5, 12.082702975289966
10, 0.6, 12.082702975289966
10, 0.7, 12.082702975289966
10, 0.8, 12.062531517902169
10, 0.9, 12.082702975289966
10, 1.0, 12.10287443267776
10, 1.1, 12.082702975289966
10, 1.2, 12.082702975289966
10, 1.3, 12.042360060514373
10, 1.4, 12.012102874432678
10, 1.5, 12.032274331820474
10, 1.6, 12.062531517902169
10, 1.7, 12.062531517902169
10, 1.8, 12.082702975289966
10, 1.9, 12.092788703983862
10, 2.0, 12.133131618759455
10, 2.1, 12.133131618759455
10, 2.2, 12.143217347453353
10, 2.3, 12.16338880484115
10, 2.4, 12.153303076147251
10, 2.5, 12.10287443267776
10, 2.6, 12.10287443267776
10, 2.7, 12.112960161371658
10, 2.8, 12.10287443267776
10, 2.9, 12.10287443267776
10, 3.0, 12.112960161371658
10, 3.1, 12.112960161371658
10, 3.2, 12.133131618759455
10, 3.3, 12.10287443267776
10, 3.4, 12.10287443267776
10, 3.5, 12.123045890065557
11, 0.1, 12.123045890065557
11, 0.2, 12.133131618759455
11, 0.3, 12.082702975289966
11, 0.4, 12.092788703983862
11, 0.5, 12.082702975289966
11, 0.6, 12.082702975289966
11, 0.7, 12.082702975289966
11, 0.8, 12.062531517902169
11, 0.9, 12.082702975289966
11, 1.0, 12.10287443267776
11, 1.1, 12.082702975289966
11, 1.2, 12.092788703983862
11, 1.3, 12.042360060514373
11, 1.4, 12.032274331820474
11, 1.5, 12.05244578920827
11, 1.6, 12.062531517902169
11, 1.7, 12.082702975289966
11, 1.8, 12.10287443267776
11, 1.9, 12.112960161371658
11, 2.0, 12.153303076147251
11, 2.1, 12.143217347453353
11, 2.2, 12.153303076147251
11, 2.3, 12.173474533535048
11, 2.4, 12.16338880484115
11, 2.5, 12.133131618759455
11, 2.6, 12.133131618759455
11, 2.7, 12.143217347453353
11, 2.8, 12.133131618759455
11, 2.9, 12.133131618759455
11, 3.0, 12.143217347453353
11, 3.1, 12.143217347453353
11, 3.2, 12.16338880484115
11, 3.3, 12.133131618759455
11, 3.4, 12.133131618759455
11, 3.5, 12.153303076147251
12, 0.1, 12.274331820474028
12, 0.2, 12.143217347453353
12, 0.3, 12.092788703983862
12, 0.4, 12.10287443267776
12, 0.5, 12.092788703983862
12, 0.6, 12.092788703983862
12, 0.7, 12.092788703983862
12, 0.8, 12.072617246596067
12, 0.9, 12.092788703983862
12, 1.0, 12.112960161371658
12, 1.1, 12.092788703983862
12, 1.2, 12.10287443267776
12, 1.3, 12.062531517902169
12, 1.4, 12.032274331820474
12, 1.5, 12.05244578920827
12, 1.6, 12.062531517902169
12, 1.7, 12.082702975289966
12, 1.8, 12.082702975289966
12, 1.9, 12.092788703983862
12, 2.0, 12.133131618759455
12, 2.1, 12.133131618759455
12, 2.2, 12.143217347453353
12, 2.3, 12.153303076147251
12, 2.4, 12.133131618759455
12, 2.5, 12.10287443267776
12, 2.6, 12.10287443267776
12, 2.7, 12.112960161371658
12, 2.8, 12.10287443267776
12, 2.9, 12.10287443267776
12, 3.0, 12.112960161371658
12, 3.1, 12.112960161371658
12, 3.2, 12.133131618759455
12, 3.3, 12.10287443267776
12, 3.4, 12.10287443267776
12, 3.5, 12.123045890065557
13, 0.1, 12.294503277861825
13, 0.2, 12.16338880484115
13, 0.3, 12.112960161371658
13, 0.4, 12.123045890065557
13, 0.5, 12.112960161371658
13, 0.6, 12.112960161371658
13, 0.7, 12.112960161371658
13, 0.8, 12.092788703983862
13, 0.9, 12.112960161371658
13, 1.0, 12.133131618759455
13, 1.1, 12.112960161371658
13, 1.2, 12.10287443267776
13, 1.3, 12.05244578920827
13, 1.4, 12.042360060514373
13, 1.5, 12.062531517902169
13, 1.6, 12.092788703983862
13, 1.7, 12.112960161371658
13, 1.8, 12.133131618759455
13, 1.9, 12.143217347453353
13, 2.0, 12.183560262228946
13, 2.1, 12.203731719616743
13, 2.2, 12.21381744831064
13, 2.3, 12.223903177004539
13, 2.4, 12.203731719616743
13, 2.5, 12.173474533535048
13, 2.6, 12.173474533535048
13, 2.7, 12.183560262228946
13, 2.8, 12.173474533535048
13, 2.9, 12.173474533535048
13, 3.0, 12.183560262228946
13, 3.1, 12.183560262228946
13, 3.2, 12.203731719616743
13, 3.3, 12.193645990922844
13, 3.4, 12.203731719616743
13, 3.5, 12.223903177004539
14, 0.1, 12.294503277861825
14, 0.2, 12.16338880484115
14, 0.3, 12.112960161371658
14, 0.4, 12.123045890065557
14, 0.5, 12.112960161371658
14, 0.6, 12.112960161371658
14, 0.7, 12.112960161371658
14, 0.8, 12.092788703983862
14, 0.9, 12.112960161371658
14, 1.0, 12.133131618759455
14, 1.1, 12.112960161371658
14, 1.2, 12.10287443267776
14, 1.3, 12.05244578920827
14, 1.4, 12.042360060514373
14, 1.5, 12.062531517902169
14, 1.6, 12.092788703983862
14, 1.7, 12.112960161371658
14, 1.8, 12.133131618759455
14, 1.9, 12.143217347453353
14, 2.0, 12.183560262228946
14, 2.1, 12.193645990922844
14, 2.2, 12.203731719616743
14, 2.3, 12.21381744831064
14, 2.4, 12.193645990922844
14, 2.5, 12.16338880484115
14, 2.6, 12.16338880484115
14, 2.7, 12.173474533535048
14, 2.8, 12.16338880484115
14, 2.9, 12.16338880484115
14, 3.0, 12.173474533535048
14, 3.1, 12.173474533535048
14, 3.2, 12.203731719616743
14, 3.3, 12.193645990922844
14, 3.4, 12.203731719616743
14, 3.5, 12.233988905698437
15, 0.1, 12.294503277861825
15, 0.2, 12.16338880484115
15, 0.3, 12.112960161371658
15, 0.4, 12.123045890065557
15, 0.5, 12.112960161371658
15, 0.6, 12.112960161371658
15, 0.7, 12.112960161371658
15, 0.8, 12.092788703983862
15, 0.9, 12.112960161371658
15, 1.0, 12.133131618759455
15, 1.1, 12.133131618759455
15, 1.2, 12.133131618759455
15, 1.3, 12.092788703983862
15, 1.4, 12.062531517902169
15, 1.5, 12.082702975289966
15, 1.6, 12.092788703983862
15, 1.7, 12.112960161371658
15, 1.8, 12.133131618759455
15, 1.9, 12.143217347453353
15, 2.0, 12.183560262228946
15, 2.1, 12.21381744831064
15, 2.2, 12.223903177004539
15, 2.3, 12.233988905698437
15, 2.4, 12.21381744831064
15, 2.5, 12.193645990922844
15, 2.6, 12.193645990922844
15, 2.7, 12.203731719616743
15, 2.8, 12.193645990922844
15, 2.9, 12.193645990922844
15, 3.0, 12.203731719616743
15, 3.1, 12.203731719616743
15, 3.2, 12.233988905698437
15, 3.3, 12.203731719616743
15, 3.4, 12.21381744831064
15, 3.5, 12.233988905698437
16, 0.1, 12.274331820474028
16, 0.2, 12.143217347453353
16, 0.3, 12.092788703983862
16, 0.4, 12.10287443267776
16, 0.5, 12.092788703983862
16, 0.6, 12.092788703983862
16, 0.7, 12.092788703983862
16, 0.8, 12.072617246596067
16, 0.9, 12.092788703983862
16, 1.0, 12.112960161371658
16, 1.1, 12.112960161371658
16, 1.2, 12.112960161371658
16, 1.3, 12.072617246596067
16, 1.4, 12.042360060514373
16, 1.5, 12.062531517902169
16, 1.6, 12.072617246596067
16, 1.7, 12.092788703983862
16, 1.8, 12.112960161371658
16, 1.9, 12.123045890065557
16, 2.0, 12.16338880484115
16, 2.1, 12.183560262228946
16, 2.2, 12.193645990922844
16, 2.3, 12.21381744831064
16, 2.4, 12.193645990922844
16, 2.5, 12.173474533535048
16, 2.6, 12.173474533535048
16, 2.7, 12.183560262228946
16, 2.8, 12.173474533535048
16, 2.9, 12.173474533535048
16, 3.0, 12.183560262228946
16, 3.1, 12.183560262228946
16, 3.2, 12.21381744831064
16, 3.3, 12.183560262228946
16, 3.4, 12.193645990922844
16, 3.5, 12.223903177004539
17, 0.1, 12.274331820474028
17, 0.2, 12.143217347453353
17, 0.3, 12.092788703983862
17, 0.4, 12.10287443267776
17, 0.5, 12.123045890065557
17, 0.6, 12.123045890065557
17, 0.7, 12.123045890065557
17, 0.8, 12.10287443267776
17, 0.9, 12.123045890065557
17, 1.0, 12.153303076147251
17, 1.1, 12.16338880484115
17, 1.2, 12.123045890065557
17, 1.3, 12.082702975289966
17, 1.4, 12.05244578920827
17, 1.5, 12.072617246596067
17, 1.6, 12.082702975289966
17, 1.7, 12.10287443267776
17, 1.8, 12.143217347453353
17, 1.9, 12.153303076147251
17, 2.0, 12.193645990922844
17, 2.1, 12.153303076147251
17, 2.2, 12.16338880484115
17, 2.3, 12.183560262228946
17, 2.4, 12.16338880484115
17, 2.5, 12.143217347453353
17, 2.6, 12.153303076147251
17, 2.7, 12.16338880484115
17, 2.8, 12.153303076147251
17, 2.9, 12.173474533535048
17, 3.0, 12.183560262228946
17, 3.1, 12.183560262228946
17, 3.2, 12.203731719616743
17, 3.3, 12.173474533535048
17, 3.4, 12.183560262228946
17, 3.5, 12.21381744831064
18, 0.1, 12.254160363086234
18, 0.2, 12.123045890065557
18, 0.3, 12.072617246596067
18, 0.4, 12.082702975289966
18, 0.5, 12.10287443267776
18, 0.6, 12.10287443267776
18, 0.7, 12.10287443267776
18, 0.8, 12.082702975289966
18, 0.9, 12.10287443267776
18, 1.0, 12.123045890065557
18, 1.1, 12.133131618759455
18, 1.2, 12.092788703983862
18, 1.3, 12.05244578920827
18, 1.4, 12.022188603126576
18, 1.5, 12.042360060514373
18, 1.6, 12.05244578920827
18, 1.7, 12.072617246596067
18, 1.8, 12.092788703983862
18, 1.9, 12.10287443267776
18, 2.0, 12.143217347453353
18, 2.1, 12.10287443267776
18, 2.2, 12.112960161371658
18, 2.3, 12.143217347453353
18, 2.4, 12.123045890065557
18, 2.5, 12.10287443267776
18, 2.6, 12.112960161371658
18, 2.7, 12.123045890065557
18, 2.8, 12.112960161371658
18, 2.9, 12.133131618759455
18, 3.0, 12.143217347453353
18, 3.1, 12.143217347453353
18, 3.2, 12.16338880484115
18, 3.3, 12.133131618759455
18, 3.4, 12.143217347453353
18, 3.5, 12.173474533535048
19, 0.1, 12.254160363086234
19, 0.2, 12.123045890065557
19, 0.3, 12.072617246596067
19, 0.4, 12.082702975289966
19, 0.5, 12.10287443267776
19, 0.6, 12.10287443267776
19, 0.7, 12.10287443267776
19, 0.8, 12.082702975289966
19, 0.9, 12.10287443267776
19, 1.0, 12.133131618759455
19, 1.1, 12.143217347453353
19, 1.2, 12.10287443267776
19, 1.3, 12.062531517902169
19, 1.4, 12.032274331820474
19, 1.5, 12.05244578920827
19, 1.6, 12.062531517902169
19, 1.7, 12.082702975289966
19, 1.8, 12.10287443267776
19, 1.9, 12.112960161371658
19, 2.0, 12.153303076147251
19, 2.1, 12.112960161371658
19, 2.2, 12.123045890065557
19, 2.3, 12.153303076147251
19, 2.4, 12.133131618759455
19, 2.5, 12.10287443267776
19, 2.6, 12.112960161371658
19, 2.7, 12.123045890065557
19, 2.8, 12.112960161371658
19, 2.9, 12.133131618759455
19, 3.0, 12.143217347453353
19, 3.1, 12.143217347453353
19, 3.2, 12.153303076147251
19, 3.3, 12.133131618759455
19, 3.4, 12.143217347453353
19, 3.5, 12.173474533535048
20, 0.1, 12.254160363086234
20, 0.2, 12.123045890065557
20, 0.3, 12.072617246596067
20, 0.4, 12.082702975289966
20, 0.5, 12.10287443267776
20, 0.6, 12.10287443267776
20, 0.7, 12.10287443267776
20, 0.8, 12.082702975289966
20, 0.9, 12.10287443267776
20, 1.0, 12.133131618759455
20, 1.1, 12.143217347453353
20, 1.2, 12.10287443267776
20, 1.3, 12.062531517902169
20, 1.4, 12.05244578920827
20, 1.5, 12.072617246596067
20, 1.6, 12.082702975289966
20, 1.7, 12.10287443267776
20, 1.8, 12.123045890065557
20, 1.9, 12.133131618759455
20, 2.0, 12.173474533535048
20, 2.1, 12.133131618759455
20, 2.2, 12.143217347453353
20, 2.3, 12.173474533535048
20, 2.4, 12.153303076147251
20, 2.5, 12.123045890065557
20, 2.6, 12.133131618759455
20, 2.7, 12.143217347453353
20, 2.8, 12.133131618759455
20, 2.9, 12.153303076147251
20, 3.0, 12.16338880484115
20, 3.1, 12.16338880484115
20, 3.2, 12.173474533535048
20, 3.3, 12.153303076147251
20, 3.4, 12.16338880484115
20, 3.5, 12.193645990922844
